Trained and received:
    [2.95601621e+11 9.67626376e+10]

vector = [
        0,
        0,
        0,
        0,
        0,
        -0.4e-15,
        0,
        2.492e-05,
        -1.879e-06,
        -1.1041e-08,
        7.648e-10,
    ]

----------------------------------------

Zeeshan's optimizations: (10 vectors)

gen_1 = [0, 0, 0, 0, 0, -3.98415379e-16, 0, 2.49819732e-05, -1.87509799e-06,
        -1.09899125e-08, 7.648e-10,]

gen_2 = [0, 0, 0, 0, 0, -3.98941633e-16, 0, 2.49545027e-05, -1.87718172e-06,
        -1.09908558e-08, 7.648e-10,]

gen_3 = [0, 0, 0, 0, 0, -4.06938519e-16, 0, 2.47834921e-05, -1.86316909e-06,
        -1.10798418e-08, 7.648e-10,]

gen_4 = [0, 0, 0, 0, 0, -3.97704207e-16, 0, 2.49433921e-05, -1.86199907e-06,
        -1.11965957e-08, 7.648e-10,]

gen_5 = [0, 0, 0, 0, 0, -3.99548091e-16, 0, 2.48842674e-05, -1.86172788e-06,
        -1.12294276e-08, 7.648e-10,]

gen_6 = [0, 0, 0, 0, 0, -3.99198093e-16, 0, 2.48769819e-05, -1.85853168e-06,
        -1.12081639e-08, 7.648e-10,]

gen_7 = [0, 0, 0, 0, 0, -3.99547409e-16, 0, 2.49591179e-05, -1.85281631e-06,
        -1.12069164e-08, 7.648e-10,]

gen_8 = [0, 0, 0, 0, 0, -3.99504259e-16, 0, 2.49489717e-05, -1.85352233e-06,
        -1.12070705e-08, 7.648e-10,]

gen_9 = [0, 0, 0, 0, 0, -3.99547409e-16, 0, 2.49591179e-05, -1.85281631e-06,
        -1.12069164e-08, 7.648e-10,]

gen_10 = [0, 0, 0, 0, 0, -3.99630281e-16, 0, 2.49471976e-05, -1.85375112e-06,
        -1.12182362e-08, 7.648e-10,]

Train and Test Errors:
[2.82167184e+11 1.04957281e+11]
[3.87124465e+11]

[2.87304510e+11 1.00156924e+11]
[3.87461434e+11]

[2.54490019e+11 1.12591357e+11]
[3.67081377e+11]

[2.53682708e+11 1.08857568e+11]
[3.62540276e+11]

[2.52408608e+11 1.01830432e+11]
[3.5423904e+11]

[2.46273606e+11 1.13714748e+11]
[3.59988354e+11]

[2.43249417e+11 1.48062767e+11]
[3.91312185e+11]

[2.43134027e+11 1.42851249e+11]
[3.85985275e+11]

[2.43249417e+11 1.48062767e+11]
[3.91312185e+11]

[2.42402479e+11 1.38307267e+11]
[3.80709746e+11]

This fucking failed.
----------------------------------------------

vector = [
        0,
        0,
        0,
        0,
        0,
        -0.45e-15,
        0,
        2.492e-05,          #down abs
        -1.879e-06,         #down abs
        -1.1041e-08,        #down abs
        7.648e-10,          #up abs
    ]

[2.99425620e+11 9.21273725e+10]
[3.91552993e+11]
--------------------------------------------------
vector = [
        0,
        0,
        0,
        0,
        0,
        -0.45e-15,
        0,
        2.51e-05,           #down abs - done
        -1.88e-06,          #down abs - done
        -1.106e-08,        #down abs
        7.648e-10,          #up abs
    ]

[3.00683886e+11 8.96045835e+10]
----------------------------------------------------
vector = [
        0,
        0,
        0,
        0,
        0,
        -0.45e-15,
        0,
        2.6e-05,           #down abs - done
        -1.88e-06,          #down abs - done
        -1.106e-08,        #down abs
        7.648e-10,          #up abs
    ]

[3.11611222e+11 1.34531154e+11]
-------------------------------------------------------

vector = [
        0,
        0,
        0,
        0,
        0,
        -0.6e-15,
        0,
        2.6e-05,           #down abs - done
        -1.88e-06,         #down abs - done
        -1.106e-08,        #down abs
        7.648e-10,          #up abs
    ]

[3.05084200e+11 9.12288723e+10]
---------------------------------------------------------

[0, 0, 0, 0, 0, -4.5e-16, 0, 2.6e-05, -1.88e-06, -1.106e-08, 7.648e-10],
[0, 0, 0, 0, 0, -4.5e-16, 0, 2.51e-05, -1.88e-06, -1.106e-08, 7.648e-10],
[0, 0, 0, 0, 0, -6.0e-16, 0, 2.6e-05, -1.88e-06, -1.106e-08, 7.648e-10],
[0, 0, 0, 0, 0, -4.5e-16, 0, 2.49294925e-05, -1.88087633e-06, -1.1040905e-08, 7.64100794e-10],
[0, 0, 0, 0, 0, -4.5e-16, 0, 2.492e-05, -1.879e-06, -1.1041e-08, 7.648e-10],
[0, 0, 0, 0, 0, -4.5e-16, 0, 2.492e-05, -1.879e-06, -1.1041e-08, 7.648e-10],